Function name: y = 2*x^2 + x - 1
0.0 -1.0
0.1 -0.89
0.2 -0.76
0.30000000000000004 -0.6099999999999999
0.4 -0.43999999999999995
0.5 -0.25
0.6000000000000001 -0.039999999999999813
0.7000000000000001 0.19000000000000017
0.8 0.44000000000000017
0.9 0.71
1.0 1.0
1.1 1.3100000000000005
1.2000000000000002 1.6400000000000006
1.3 1.9900000000000002
1.4000000000000001 2.3600000000000003
1.5 2.75
1.6 3.16
1.7000000000000002 3.5900000000000007
1.8 4.04
1.9000000000000001 4.510000000000001
2.0 5.0
2.1 5.51
2.2 6.040000000000001
2.3000000000000003 6.590000000000002
2.4000000000000004 7.160000000000002
2.5 7.75
2.6 8.360000000000001
2.7 8.990000000000002
2.8000000000000003 9.640000000000002
2.9000000000000004 10.310000000000002
3.0 11.0
3.1 11.71
3.2 12.440000000000001
3.3000000000000003 13.190000000000003
3.4000000000000004 13.960000000000003
3.5 14.75
3.6 15.560000000000002
3.7 16.39
3.8000000000000003 17.240000000000002
3.9000000000000004 18.110000000000003
4.0 19.0
4.1000000000000005 19.910000000000007
4.2 20.84
4.3 21.79
4.4 22.760000000000005
4.5 23.75
4.6000000000000005 24.760000000000005
4.7 25.790000000000003
4.800000000000001 26.840000000000007
4.9 27.910000000000004
